"","orig_no","taxon_no","record_type","flags","taxon_rank","taxon_name","parent_no","reference_no","is_extant","n_occs","phylum","class","order","family","genus","type_taxon","realm","is_ectinct"
"1",2894,2894,"txn",,"phylum","Porifera",67091,6930,"extant",24327,"Porifera",,,,,,"marine",
"2",342809,342809,"txn",,"phylum","Proarticulata",67091,5229,"extinct",80,"Proarticulata",,,,,,"marine",
"3",7285,7285,"txn",,"phylum","Problematica",67091,71641,"extinct",2200,"Problematica",,,,,,"marine",
"4",6994,6994,"txn",,"phylum","Ctenophora",67102,6930,"extant",42,"Ctenophora",,,,,,"marine",
"5",4524,4524,"txn",,"phylum","Cnidaria",67091,6930,"extant",70686,"Cnidaria",,,,,,"marine",
"6",33518,33518,"txn",,"phylum","Hemichordata",67147,6930,"extant",8098,"Hemichordata",,,,,,"marine",
"7",30739,30739,"txn",,"phylum","Echinodermata",67147,17459,"extant",34336,"Echinodermata",,,,,,"marine",
"8",30727,30727,"txn",,"phylum","Chaetognatha",481410,6930,"extant",299,"Chaetognatha",,,,,,"marine",
"9",7629,7629,"txn",,"phylum","Hyolitha",67151,31628,"extinct",2383,"Hyolitha",,,,,,"marine",
"10",24773,24773,"txn",,"phylum","Bryozoa",67151,6930,"extant",30878,"Bryozoa",,,,,,"marine",
"11",26322,26322,"txn",,"phylum","Brachiopoda",481637,6930,"extant",187130,"Brachiopoda",,,,,,"marine",
"12",26320,26320,"txn",,"phylum","Entoprocta",96201,6930,"extant",7,"Entoprocta",,,,,,"marine",
"13",67166,67166,"txn",,"phylum","Sipuncula",272903,14206,"extant",8,"Sipuncula",,,,,,"marine",
"14",67126,272409,"txn",,"phylum","Scalidophora",67124,47384,"extant",390,"Scalidophora",,,,,,"marine",
"15",7002,7002,"txn",,"phylum","Priapulida",67126,6930,"extant",384,"Priapulida",,,,,,"marine",
"16",146770,465785,"txn","","class","Archaeocyatha",2894,77251,"extant",4655,"Porifera","Archaeocyatha",,,,,"marine",
"17",352167,352167,"txn","","class","Leptocardii",34104,62148,"extant",0,"Chordata","Leptocardii",,,,,"marine",
"18",91601,91601,"txn","","class","Ascidiacea",34108,19548,"extant",28,"Chordata","Ascidiacea",,,,,"marine",
"19",463796,463796,"txn","","class","Thaliacea",91601,75949,"extant",0,"Chordata","Thaliacea",,,,,"marine",
"20",425117,425117,"txn","","class","Banffozoa",33815,73557,"extinct",7,"Chordata","Banffozoa",,,,,"marine",
"21",401644,401645,"txn","","class","Myxini",389304,58890,"extant",4,"Chordata","Myxini",,,,,"marine",
"22",119273,119273,"txn","","class","Tentaculita",96201,26675,"extinct",2349,"Lophotrochozoa","Tentaculita",,,,,"marine",
"23",8166,8166,"txn","","class","Scaphopoda",7805,6930,"extant",3842,"Mollusca","Scaphopoda",,,,,"marine",
"24",7847,7847,"txn","","class","Helcionelloida",7805,6930,"",1987,"Mollusca","Helcionelloida",,,,,"marine",
"25",12315,12315,"txn","","class","Cephalopoda",7805,6930,"extant",111447,"Mollusca","Cephalopoda",,,,,"marine",
"26",7806,7806,"txn","","class","Tergomya",7805,16029,"extant",959,"Mollusca","Tergomya",,,,,"marine",
"27",57663,57663,"txn","","class","Monoplacophora",106727,13192,"extant",9,"Mollusca","Monoplacophora",,,,,"marine",
"28",8023,8023,"txn","","class","Polyplacophora",106727,6930,"extant",598,"Mollusca","Polyplacophora",,,,,"marine",
"29",8268,8268,"txn","","class","Paragastropoda",7805,13136,"",122,"Mollusca","Paragastropoda",,,,,"marine",
"30",8123,8123,"txn","","class","Rostroconchia",7805,18249,"extant",938,"Mollusca","Rostroconchia",,,,,"marine",
"31",65472,65472,"txn","","class","Stenothecoida",481637,13234,"",49,"Lophotrochozoa","Stenothecoida",,,,,"marine",
"32",133214,444004,"txn","","class","Thecostraca",82629,63922,"extant",1867,"Arthropoda","Thecostraca",,,,,"marine",
"33",22067,22067,"txn","","class","Thylacocephala",304350,6930,"",61,"Arthropoda","Thylacocephala",,,,,"marine",
"34",19026,19026,"txn","","class","Merostomoidea",18891,6930,"",0,"Arthropoda","Merostomoidea",,,,,"marine",
"35",19041,19041,"txn","","class","Marrelomorpha",18891,63850,"extinct",0,"Arthropoda","Marrelomorpha",,,,,"marine",
"36",19015,19015,"txn","","class","Pycnogonida",18891,6930,"extant",15,"Arthropoda","Pycnogonida",,,,,"marine",
"37",463993,463993,"txn","","class","Marrellomorpha",18891,63850,"extinct",37,"Arthropoda","Marrellomorpha",,,,,"marine",
"38",308386,308386,"txn","","class","Artiopoda",18891,53237,"extant",61712,"Arthropoda","Artiopoda",,,,,"marine",
"39",19100,19100,"txn","","class","Trilobita",308386,6930,"extant",54902,"Arthropoda","Trilobita",,,,,"marine",
"40",142293,166218,"txn","","class","Xiphosura",286968,12074,"extant",254,"Arthropoda","Xiphosura",,,,,"marine",
"41",22211,22211,"txn","","class","Remipedia",424441,6930,"extant",3,"Arthropoda","Remipedia",,,,,"marine",
"42",133211,133211,"txn","","class","Cephalocarida",424436,12066,"extant",2,"Arthropoda","Cephalocarida",,,,,"marine",
"43",167458,167458,"txn","","class","Megacheira",465298,32720,"",121,"Arthropoda","Megacheira",,,,,"marine",
"44",19023,19023,"txn","","class","Paratrilobita",18891,6930,"",0,"Arthropoda","Paratrilobita",,,,,"marine",
"45",69587,69587,"txn","","class","Bacillariophyceae",432613,15475,"extant",33308,"Ochrophyta","Bacillariophyceae",,,,,"marine",
"46",755,755,"txn","","class","Rhizopodea",71297,6930,"extant",804,"NO_PHYLUM_SPECIFIED","Rhizopodea",,,,,"marine",
"47",71293,71293,"txn","V","class","Granuloreticulosea",755,85136,"extant",2,"Granuloreticulosa","",,,,,"marine",
"48",8515,8515,"txn","","order","Archaeogastropoda",89047,6930,"extant",132,"Mollusca","Gastropoda","Archaeogastropoda",,,,"marine",
"49",8431,8431,"txn","","order","Euomphalina",60245,15596,"extinct",6690,"Mollusca","Gastropoda","Euomphalina",,,,"marine",
"50",58517,346864,"txn","","order","Pleurotomariida",58775,15836,"extant",4,"Mollusca","Gastropoda","Pleurotomariida",,,,"marine",
"51",8305,8305,"txn","","order","Bellerophontida",8304,6930,"extinct",5178,"Mollusca","Gastropoda","Bellerophontida",,,,"marine",
"52",97194,206526,"txn","","order","Nuculanida",204900,38358,"extant",9192,"Mollusca","Bivalvia","Nuculanida",,,,"marine",
"53",16149,16149,"txn","","order","Solemyoida",83704,6930,"extant",0,"Mollusca","Bivalvia","Solemyoida",,,,"marine",
"54",17177,244214,"txn","","order","Trigoniida",61563,38358,"extant",6417,"Mollusca","Bivalvia","Trigoniida",,,,"marine",
"55",244360,244360,"txn","","order","Cardiida",400194,38358,"extant",19053,"Mollusca","Bivalvia","Cardiida",,,,"marine",
"56",18524,244354,"txn","","order","Hippuritida",244338,28394,"extant",5113,"Mollusca","Bivalvia","Hippuritida",,,,"marine",
"57",97212,244315,"txn","","order","Carditida",244299,38358,"extant",11991,"Mollusca","Bivalvia","Carditida",,,,"marine",
"58",205307,205307,"txn","","order","Colpomyida",243988,38471,"extinct",84,"Mollusca","Bivalvia","Colpomyida",,,,"marine",
"59",16334,243990,"txn","","order","Mytilida",61998,6930,"extant",6869,"Mollusca","Bivalvia","Mytilida",,,,"marine",
"60",16334,16334,"txn","V","order","Mytiloida",61998,6930,"extant",6869,"Mollusca","Bivalvia","Mytilida",,,,"marine",
"61",16197,16197,"txn","V","order","Arcoida",61998,6930,"extant",13982,"Mollusca","Bivalvia","Arcida",,,,"marine",
"62",16197,244029,"txn","","order","Arcida",61998,38358,"extant",13982,"Mollusca","Bivalvia","Arcida",,,,"marine",
"63",83707,83707,"txn","V","order","Ostreoida",61998,38358,"extant",26717,"Mollusca","Bivalvia","Ostreida",,,,"marine",
"64",83707,244068,"txn","","order","Ostreida",61998,38358,"extant",26717,"Mollusca","Bivalvia","Ostreida",,,,"marine",
"65",244050,244050,"txn","","order","Myalinida",244049,38358,"extinct",7621,"Mollusca","Bivalvia","Myalinida",,,,"marine",
"66",161403,161403,"txn","","order","Cyrtodontida",244011,31529,"extant",1386,"Mollusca","Bivalvia","Cyrtodontida",,,,"marine",
"67",16165,16165,"txn","V","order","Praecardioida",161403,28394,"extant",845,"Mollusca","Bivalvia","Cyrtodontida",,,,"marine",
"68",81178,81178,"txn","V","order","Pectinoida",61998,17419,"extant",32320,"Mollusca","Bivalvia","Pectinida",,,,"marine",
"69",81178,244109,"txn","","order","Pectinida",61998,17419,"extant",32320,"Mollusca","Bivalvia","Pectinida",,,,"marine",
"70",16436,16436,"txn","","order","Pterioida",61998,28394,"extant",290,"Mollusca","Bivalvia","Pterioida",,,,"marine",
"71",83706,382729,"txn","","order","Limida",61998,62209,"extant",5052,"Mollusca","Bivalvia","Limida",,,,"marine",
"72",83706,83706,"txn","V","order","Limoida",61998,18197,"extant",5052,"Mollusca","Bivalvia","Limida",,,,"marine",
"73",444008,444008,"txn","","order","Lithoglyptida",133235,63922,"extant",10,"Arthropoda","Thecostraca","Lithoglyptida",,,,"marine",
"74",302280,444104,"txn","","order","Scalpellomorpha",419949,63922,"extant",249,"Arthropoda","Thecostraca","Scalpellomorpha",,,,"marine",
"75",444035,444035,"txn","","order","Calanticomorpha",419949,63922,"extant",161,"Arthropoda","Thecostraca","Calanticomorpha",,,,"marine",
"76",302297,444112,"txn","","order","Verrucomorpha",419949,63922,"extant",62,"Arthropoda","Thecostraca","Verrucomorpha",,,,"marine",
"77",82261,444121,"txn","","order","Balanomorpha",419949,63922,"extant",1032,"Arthropoda","Thecostraca","Balanomorpha",,,,"marine",
"78",444026,444026,"txn","","order","Archaeolepadomorpha",419949,63922,"extinct",96,"Arthropoda","Thecostraca","Archaeolepadomorpha",,,,"marine",
"79",444028,444028,"txn","","order","Pollicipomorpha",419949,63922,"extant",96,"Arthropoda","Thecostraca","Pollicipomorpha",,,,"marine",
"80",444021,444021,"txn","","order","Eolepadomorpha",420000,63922,"extinct",2,"Arthropoda","Thecostraca","Eolepadomorpha",,,,"marine",
"81",133219,133219,"txn","","order","Dendrogastrida",303728,12066,"extant",1,"Arthropoda","Thecostraca","Dendrogastrida",,,,"marine",
"82",363474,363474,"txn","","order","Marrellida",463993,63850,"extinct",37,"Arthropoda","Marrellomorpha","Marrellida",,,,"marine",
"83",18916,18916,"txn","","order","Xiphosurida",142293,6930,"extant",233,"Arthropoda","Xiphosura","Xiphosurida",,,,"marine",
"84",22225,22225,"txn","","order","Hoplostraca",22258,84992,"extinct",4,"Arthropoda","Malacostraca","Hoplostraca",,,,"marine",
"85",22221,22221,"txn","","order","Leptostraca",22258,6930,"extant",2,"Arthropoda","Malacostraca","Leptostraca",,,,"marine",
"86",22228,22228,"txn","","order","Archaeostraca",22258,6930,"extant",165,"Arthropoda","Malacostraca","Archaeostraca",,,,"marine",
"87",22267,22267,"txn","","order","Stomatopoda",133262,6930,"extant",52,"Arthropoda","Malacostraca","Stomatopoda",,,,"marine",
"88",22263,473296,"txn","","order","Palaeostomatopoda",133262,6930,"extinct",2,"Arthropoda","Malacostraca","Palaeostomatopoda",,,,"marine",
"89",22283,22283,"txn","","order","Aeschronectida",133262,84991,"extinct",10,"Arthropoda","Malacostraca","Aeschronectida",,,,"marine",
"90",133266,133266,"txn","","order","Euphausiacea",424443,12066,"extant",6,"Arthropoda","Malacostraca","Euphausiacea",,,,"marine",
"91",133206,133206,"txn","","order","Amphionidacea",424443,12066,"extant",0,"Arthropoda","Malacostraca","Amphionidacea",,,,"marine",
"92",22295,22295,"txn","","order","Lophogastrida",168983,6930,"extant",19,"Arthropoda","Malacostraca","Lophogastrida",,,,"marine",
"93",22782,22782,"txn","","order","Cumacea",424444,6930,"extant",2,"Arthropoda","Malacostraca","Cumacea",,,,"marine",
"94",745,745,"txn","","order","Calpionellida",720,6930,"",257,"Ciliophora","NO_CLASS_SPECIFIED","Calpionellida",,,,"marine",
"95",62032,62032,"txn",,"family","Pyramidellidae",62033,464,"extant",2754,"Mollusca","Gastropoda","Heterostropha","Pyramidellidae",,"","marine",
"96",312858,312858,"txn",,"family","Otinidae",312857,14945,"extant",0,"Mollusca","Gastropoda","Heterostropha","Otinidae",,"","marine",
"97",60935,60935,"txn",,"family","Littorinidae",60938,7429,"extant",517,"Mollusca","Gastropoda","Sorbeoconcha","Littorinidae",,"","marine",
"98",62364,62364,"txn",,"family","Strombidae",62365,7429,"extant",1646,"Mollusca","Gastropoda","Sorbeoconcha","Strombidae",,"","marine",
"99",53504,53504,"txn",,"family","Aporrhaidae",62365,9933,"extant",2323,"Mollusca","Gastropoda","Sorbeoconcha","Aporrhaidae",,"","marine",
"100",62379,62379,"txn",,"family","Struthiolariidae",62365,7429,"extant",197,"Mollusca","Gastropoda","Sorbeoconcha","Struthiolariidae",,"","marine",
"101",62225,62225,"txn",,"family","Seraphsidae",62365,7432,"extant",96,"Mollusca","Gastropoda","Sorbeoconcha","Seraphsidae",,"","marine",
"102",337709,337709,"txn",,"family","Hippochrenidae",62365,58294,"extinct",3,"Mollusca","Gastropoda","Sorbeoconcha","Hippochrenidae",,"","marine",
"103",59788,59788,"txn",,"family","Colombellinidae",62365,7432,"extinct",54,"Mollusca","Gastropoda","Sorbeoconcha","Colombellinidae",,"","marine",
"104",120965,285330,"txn",,"family","Rostellariidae",62365,49270,"extant",533,"Mollusca","Gastropoda","Sorbeoconcha","Rostellariidae",,"","marine",
"105",62516,62516,"txn",,"family","Thersiteidae",62365,7432,"extant",112,"Mollusca","Gastropoda","Sorbeoconcha","Thersiteidae",,"","marine",
"106",479068,479068,"txn",,"family","Eocypraeidae",82939,57825,"extant",209,"Mollusca","Gastropoda","Sorbeoconcha","Eocypraeidae",,"","marine",
"107",62596,62596,"txn",,"family","Triviidae",82939,7429,"extant",426,"Mollusca","Gastropoda","Sorbeoconcha","Triviidae",,"Trivia","marine",
"108",61540,61540,"txn",,"family","Ovulidae",82939,7429,"extant",105,"Mollusca","Gastropoda","Sorbeoconcha","Ovulidae",,"Ovula","marine",
"109",60276,60276,"txn",,"family","Eratoidae",82939,7432,"extant",122,"Mollusca","Gastropoda","Sorbeoconcha","Eratoidae",,"","marine",
"110",60047,60047,"txn",,"family","Cypraeidae",82939,7429,"extant",1834,"Mollusca","Gastropoda","Sorbeoconcha","Cypraeidae",,"","marine",
"111",62763,62763,"txn",,"family","Velutinidae",82939,7429,"extant",21,"Mollusca","Gastropoda","Sorbeoconcha","Velutinidae",,"","marine",
"112",111146,111146,"txn",,"family","Pediculariidae",82939,25532,"extant",127,"Mollusca","Gastropoda","Sorbeoconcha","Pediculariidae",,"","marine",
"113",90696,90696,"txn",,"family","Buccinulidae",59411,19412,"extant",15,"Mollusca","Gastropoda","Neogastropoda","Buccinulidae",,"","marine",
"114",61090,61090,"txn",,"family","Melongenidae",59411,7429,"extant",1505,"Mollusca","Gastropoda","Neogastropoda","Melongenidae",,"","marine",
"115",59790,59790,"txn",,"family","Columbellidae",59411,7429,"extant",2207,"Mollusca","Gastropoda","Neogastropoda","Columbellidae",,"","marine",
"116",62040,62040,"txn",,"family","Pyrenidae",59790,7432,"extant",109,"Mollusca","Gastropoda","Neogastropoda","Pyrenidae",,"","marine",
"117",390904,390904,"txn",,"family","Siphonaliidae",59411,19412,"extant",207,"Mollusca","Gastropoda","Neogastropoda","Siphonaliidae",,"","marine",
"118",89651,89651,"txn",,"family","Colubrariidae",59411,14945,"extant",1,"Mollusca","Gastropoda","Neogastropoda","Colubrariidae",,"","marine",
"119",61264,61264,"txn",,"family","Nassariidae",59411,7429,"extant",3081,"Mollusca","Gastropoda","Neogastropoda","Nassariidae",,"","marine",
"120",60350,60350,"txn",,"family","Fasciolariidae",59411,7429,"extant",3326,"Mollusca","Gastropoda","Neogastropoda","Fasciolariidae",,"","marine",
"121",59409,59409,"txn",,"family","Buccinidae",59411,7429,"extant",4554,"Mollusca","Gastropoda","Neogastropoda","Buccinidae",,"","marine",
"122",62349,62349,"txn",,"family","Strepturidae",61964,7432,"extant",7,"Mollusca","Gastropoda","Neogastropoda","Strepturidae",,"","marine",
"123",341281,341281,"txn",,"family","Raphitomidae",59821,59251,"extant",456,"Mollusca","Gastropoda","Neogastropoda","Raphitomidae",,"Raphitoma","marine",
"124",91228,360172,"txn",,"family","Cochlespiridae",59821,26566,"extant",336,"Mollusca","Gastropoda","Neogastropoda","Cochlespiridae",,"","marine",
"125",59819,59819,"txn",,"family","Conidae",59821,7429,"extant",3227,"Mollusca","Gastropoda","Neogastropoda","Conidae",,"Conus","marine",
"126",360218,360218,"txn",,"family","Horaiclavidae",59821,59251,"extant",85,"Mollusca","Gastropoda","Neogastropoda","Horaiclavidae",,"Horaiclavus","marine",
"127",90548,121088,"txn",,"family","Pseudomelatomidae",59821,14945,"extant",1092,"Mollusca","Gastropoda","Neogastropoda","Pseudomelatomidae",,"","marine",
"128",90777,360250,"txn",,"family","Mitromorphidae",59821,59251,"extant",75,"Mollusca","Gastropoda","Neogastropoda","Mitromorphidae",,"","marine",
"129",343349,343349,"txn",,"family","Borsoniidae",59821,7432,"extant",873,"Mollusca","Gastropoda","Neogastropoda","Borsoniidae",,"","marine",
"130",97853,97853,"txn",,"family","Drilliidae",59821,7432,"extant",1052,"Mollusca","Gastropoda","Neogastropoda","Drilliidae",,"","marine",
"131",62361,121089,"txn",,"family","Strictispiridae",59821,14945,"extant",11,"Mollusca","Gastropoda","Neogastropoda","Strictispiridae",,"","marine",
"132",59741,360219,"txn",,"family","Clathurellidae",59821,59251,"extant",372,"Mollusca","Gastropoda","Neogastropoda","Clathurellidae",,"","marine",
"133",61041,360213,"txn",,"family","Mangeliidae",59821,59251,"extant",940,"Mollusca","Gastropoda","Neogastropoda","Mangeliidae",,"","marine",
"134",62680,62680,"txn",,"family","Turridae",59821,7429,"extant",3803,"Mollusca","Gastropoda","Neogastropoda","Turridae",,"Turris","marine",
"135",62493,62493,"txn",,"family","Terebridae",59821,7429,"extant",1699,"Mollusca","Gastropoda","Neogastropoda","Terebridae",,"Terebra","marine",
"136",59747,121087,"txn",,"family","Clavatulidae",59821,14945,"extant",956,"Mollusca","Gastropoda","Neogastropoda","Clavatulidae",,"","marine",
"137",89561,89561,"txn",,"family","Coralliophilidae",61226,19223,"extant",27,"Mollusca","Gastropoda","Neogastropoda","Coralliophilidae",,"","marine",
"138",89119,89119,"txn",,"family","Tudiclidae",61226,19080,"extant",71,"Mollusca","Gastropoda","Neogastropoda","Tudiclidae",,"","marine",
"139",61223,61223,"txn",,"family","Muricidae",61226,7429,"extant",5291,"Mollusca","Gastropoda","Neogastropoda","Muricidae",,"","marine",
"140",61030,61030,"txn",,"family","Magilidae",59854,7432,"extant",14,"Mollusca","Gastropoda","Neogastropoda","Magilidae",,"","marine",
"141",62834,62834,"txn",,"family","Volutidae",61226,7429,"extant",3204,"Mollusca","Gastropoda","Neogastropoda","Volutidae",,"","marine",
"142",89607,89607,"txn",,"family","Cystiscidae",61226,19223,"extant",283,"Mollusca","Gastropoda","Neogastropoda","Cystiscidae",,"","marine",
"143",61053,61053,"txn",,"family","Marginellidae",61226,7429,"extant",1125,"Mollusca","Gastropoda","Neogastropoda","Marginellidae",,"","marine",
"144",121077,121077,"txn",,"family","Strepsiduridae",61226,14945,"extant",7,"Mollusca","Gastropoda","Neogastropoda","Strepsiduridae",,"","marine",
"145",121072,121072,"txn",,"family","Pholidotomidae",61226,14945,"extinct",95,"Mollusca","Gastropoda","Neogastropoda","Pholidotomidae",,"","marine",
"146",62601,62601,"txn",,"family","Trochidae",62599,7429,"extant",2686,"Mollusca","Gastropoda","NO_ORDER_SPECIFIED","Trochidae",,"","marine",
"147",62288,62288,"txn",,"family","Solemyidae",83693,7411,"extant",381,"Mollusca","Bivalvia","Solemyida","Solemyidae",,"Solemya","marine",
"148",59935,59935,"txn",,"family","Ctenodontidae",83693,7411,"extinct",517,"Mollusca","Bivalvia","Solemyida","Ctenodontidae",,"","marine",
"149",85575,85575,"txn",,"family","Nucinellidae",85571,18663,"extant",83,"Mollusca","Bivalvia","Solemyida","Nucinellidae",,"","marine",
"150",61042,61042,"txn",,"family","Manzanellidae",85571,7411,"extant",19,"Mollusca","Bivalvia","Solemyida","Manzanellidae",,"","marine",
"151",61454,61454,"txn",,"family","Nuculidae",83692,7411,"extant",4694,"Mollusca","Bivalvia","Nuculida","Nuculidae",,"","marine",
"152",112894,112894,"txn",,"family","Nucularcidae",83692,26003,"extinct",51,"Mollusca","Bivalvia","Nuculida","Nucularcidae",,"","marine",
"153",61902,61902,"txn",,"family","Praenuculidae",83692,7411,"extinct",155,"Mollusca","Bivalvia","Nuculida","Praenuculidae",,"","marine",
"154",60430,60430,"txn",,"family","Galeommatidae",60429,7411,"extant",28,"Mollusca","Bivalvia","Galeommatida","Galeommatidae",,"","marine",
"155",82897,82897,"txn",,"family","Lasaeidae",60429,16700,"extant",235,"Mollusca","Bivalvia","Galeommatida","Lasaeidae",,"","marine",
"156",60445,60445,"txn",,"family","Gastrochaenidae",60444,7411,"extant",208,"Mollusca","Bivalvia","Gastrochaenida","Gastrochaenidae",,"","marine",
"157",60654,60654,"txn",,"family","Hiatellidae",60653,7411,"extant",1846,"Mollusca","Bivalvia","Adapedonta","Hiatellidae",,"","marine",
"158",244477,244477,"txn",,"family","Saxicavellidae",60653,38358,"extant",4,"Mollusca","Bivalvia","Adapedonta","Saxicavellidae",,"","marine",
"159",62779,62779,"txn",,"family","Veneridae",62767,7411,"extant",12931,"Mollusca","Bivalvia","Venerida","Veneridae",,"","marine",
"160",62707,244420,"txn",,"family","Turtoniina",244411,38358,"extant",4,"Mollusca","Bivalvia","Venerida","Turtoniina",,"","marine",
"161",61695,244417,"txn",,"family","Petricolina",244411,38358,"extant",191,"Mollusca","Bivalvia","Venerida","Petricolina",,"","marine",
"162",60473,60473,"txn",,"family","Glossidae",60472,7411,"extant",375,"Mollusca","Bivalvia","Venerida","Glossidae",,"","marine",
"163",60755,60755,"txn",,"family","Kelliellidae",60472,7411,"extant",211,"Mollusca","Bivalvia","Venerida","Kelliellidae",,"","marine",
"164",62799,62799,"txn",,"family","Vesicomyidae",60472,7411,"extant",110,"Mollusca","Bivalvia","Venerida","Vesicomyidae",,"","marine",
"165",60616,60616,"txn",,"family","Hemidonacidae",244402,7429,"extant",3,"Mollusca","Bivalvia","Venerida","Hemidonacidae",,"Hemidonax","marine",
"166",62724,62724,"txn",,"family","Ungulinidae",161603,7411,"extant",845,"Mollusca","Bivalvia","Venerida","Ungulinidae",,"","marine",
"167",62552,244399,"txn",,"family","Trapezidae",59195,38358,"extant",129,"Mollusca","Bivalvia","Venerida","Trapezidae",,"","marine",
"168",109394,109394,"txn",,"family","Isocyprinidae",59195,18326,"",90,"Mollusca","Bivalvia","Venerida","Isocyprinidae",,"","marine",
"169",61882,61882,"txn",,"family","Pollicidae",59195,7411,"",8,"Mollusca","Bivalvia","Venerida","Pollicidae",,"","marine",
"170",59196,59196,"txn",,"family","Arcticidae",59195,7411,"extant",2229,"Mollusca","Bivalvia","Venerida","Arcticidae",,"","marine",
"171",60322,60322,"txn",,"family","Euloxidae",59195,7411,"extant",7,"Mollusca","Bivalvia","Venerida","Euloxidae",,"","marine",
"172",59662,59662,"txn",,"family","Chamidae",59661,7411,"extant",1027,"Mollusca","Bivalvia","Venerida","Chamidae",,"","marine",
"173",61103,61103,"txn",,"family","Mesodesmatidae",61025,7411,"extant",93,"Mollusca","Bivalvia","Venerida","Mesodesmatidae",,"Mesodesma","marine",
"174",61026,61026,"txn",,"family","Mactridae",61025,7411,"extant",3189,"Mollusca","Bivalvia","Venerida","Mactridae",,"","marine",
"175",59535,59535,"txn",,"family","Cardiliidae",61025,7411,"extant",12,"Mollusca","Bivalvia","Venerida","Cardiliidae",,"","marine",
"176",59100,59100,"txn",,"family","Anatinellidae",61025,7411,"extant",203,"Mollusca","Bivalvia","Venerida","Anatinellidae",,"","marine",
"177",244329,244329,"txn",,"family","Paracyclidae",89013,38358,"extinct",282,"Mollusca","Bivalvia","Lucinida","Paracyclidae",,"Paracyclas","marine",
"178",61028,61028,"txn",,"family","Mactromyidae",89013,7411,"extinct",584,"Mollusca","Bivalvia","Lucinida","Mactromyidae",,"","marine",
"179",60971,60971,"txn",,"family","Lucinidae",161489,7411,"extant",6236,"Mollusca","Bivalvia","Lucinida","Lucinidae",,"Lucina","marine",
"180",62304,62304,"txn",,"family","Spheniopsidae",90381,7411,"extant",18,"Mollusca","Bivalvia","Poromyida","Spheniopsidae",,"","marine",
"181",59984,59984,"txn",,"family","Cuspidariidae",90381,7411,"extant",413,"Mollusca","Bivalvia","Poromyida","Cuspidariidae",,"","marine",
"182",62796,62796,"txn",,"family","Verticordiidae",90390,7411,"extant",200,"Mollusca","Bivalvia","Poromyida","Verticordiidae",,"","marine",
"183",161488,161488,"txn",,"family","Penicillidae",59745,31529,"extant",13,"Mollusca","Bivalvia","Pandorida","Penicillidae",,"Penicillus","marine",
"184",59746,59746,"txn",,"family","Clavagellidae",59745,7411,"extant",76,"Mollusca","Bivalvia","Pandorida","Clavagellidae",,"Clavagella","marine",
"185",60794,60794,"txn",,"family","Laternulidae",61580,7411,"extant",357,"Mollusca","Bivalvia","Pandorida","Laternulidae",,"","marine",
"186",60994,60994,"txn",,"family","Lyonsiidae",61580,7411,"extant",55,"Mollusca","Bivalvia","Pandorida","Lyonsiidae",,"","marine",
"187",61581,61581,"txn",,"family","Pandoridae",61580,7411,"extant",184,"Mollusca","Bivalvia","Pandorida","Pandoridae",,"","marine",
"188",69505,69505,"txn",,"family","Ucumariidae",70818,15508,"extinct",3,"Mollusca","Bivalvia","Pholadomyida","Ucumariidae",,"","marine",
"189",470641,470641,"txn",,"family","Chaenomyidae",70818,84456,"extinct",26,"Mollusca","Bivalvia","Pholadomyida","Chaenomyidae",,"","marine",
"190",61725,61725,"txn",,"family","Pholadomyidae",70818,16189,"extant",2579,"Mollusca","Bivalvia","Pholadomyida","Pholadomyidae",,"","marine",
"191",61049,61049,"txn",,"family","Margaritariidae",70818,7411,"",6,"Mollusca","Bivalvia","Pholadomyida","Margaritariidae",,"","marine",
"192",516313,516313,"txn",,"family","Yunannidae",516314,93411,"extinct",2,"Mollusca","Bivalvia","NO_ORDER_SPECIFIED","Yunannidae",,"Yunannia","marine",
"193",244009,244009,"txn",,"family","Matheriidae",244008,38358,"extinct",1,"Mollusca","Bivalvia","NO_ORDER_SPECIFIED","Matheriidae",,"","marine",
"194",244010,244010,"txn",,"family","Ischyrodontidae",244008,38358,"extinct",36,"Mollusca","Bivalvia","NO_ORDER_SPECIFIED","Ischyrodontidae",,"","marine",
"195",302382,302382,"txn",,"family","Peltogastridae",133229,52193,"extant",5,"Arthropoda","Thecostraca","NO_ORDER_SPECIFIED","Peltogastridae",,"Peltogaster","marine",
"196",477852,477852,"txn",,"family","Ctenaenigmatidae",22117,86135,"extinct",3,"Arthropoda","Thecostraca","NO_ORDER_SPECIFIED","Ctenaenigmatidae",,"","marine",
"197",420332,420332,"txn",,"family","Kasibelinuridae",142293,74903,"extinct",2,"Arthropoda","Xiphosura","NO_ORDER_SPECIFIED","Kasibelinuridae",,"Kasibelinurus","marine",
"198",464029,464029,"txn",,"family","Discinocarididae",464030,83195,"extinct",4,"Arthropoda","Malacostraca","NO_ORDER_SPECIFIED","Discinocarididae",,"Discinocaris","marine",
"199",464031,464031,"txn",,"family","Peltocarididae",464030,83195,"extinct",2,"Arthropoda","Malacostraca","NO_ORDER_SPECIFIED","Peltocarididae",,"Peltocaris","marine",
"200",168980,168980,"txn",,"family","Jerometichenoriidae",168982,33064,"extinct",1,"Arthropoda","Malacostraca","NO_ORDER_SPECIFIED","Jerometichenoriidae",,"","marine",
"201",431059,431059,"txn",,"family","Pygocephalidae",168982,74963,"extinct",8,"Arthropoda","Malacostraca","NO_ORDER_SPECIFIED","Pygocephalidae",,"Pygocephalus","marine",
"202",169022,169022,"txn",,"family","Tylocarididae",168982,33067,"extinct",4,"Arthropoda","Malacostraca","NO_ORDER_SPECIFIED","Tylocarididae",,"","marine",
"203",411490,411490,"txn",,"family","Tealliocarididae",168982,71792,"extinct",9,"Arthropoda","Malacostraca","NO_ORDER_SPECIFIED","Tealliocarididae",,"Tealliocaris","marine",
"204",10040,10040,"txn",,"genus","Leiorhinus",62365,6930,"extinct",3,"Mollusca","Gastropoda","Sorbeoconcha","NO_FAMILY_SPECIFIED","Leiorhinus","","marine",
"205",11130,11130,"txn",,"genus","Fulgerca",61226,6930,"extinct",34,"Mollusca","Gastropoda","Neogastropoda","NO_FAMILY_SPECIFIED","Fulgerca","","marine",
"206",177701,177701,"txn",,"genus","Cobracephalus",177755,35224,"extinct",0,"Mollusca","Bivalvia","NO_ORDER_SPECIFIED","Aviculidae","Cobracephalus","Cobracephalus angulosus","marine",
"207",18848,18848,"txn",,"genus","Barcoona",70818,6930,"extinct",2,"Mollusca","Bivalvia","Pholadomyida","NO_FAMILY_SPECIFIED","Barcoona","","marine",
"208",112747,112747,"txn",,"genus","Sphenolium",70818,15166,"extinct",27,"Mollusca","Bivalvia","Pholadomyida","NO_FAMILY_SPECIFIED","Sphenolium","Sphenolium cuneiforme","marine",
"209",397937,397937,"txn",,"genus","Aksumya",70818,70601,"extinct",3,"Mollusca","Bivalvia","Pholadomyida","NO_FAMILY_SPECIFIED","Aksumya","Aksumya krystyni","marine",
"210",279985,279985,"txn",,"genus","Corobalanus",22117,20995,"extinct",1,"Arthropoda","Thecostraca","NO_ORDER_SPECIFIED","NO_FAMILY_SPECIFIED","Corobalanus","Corobalanus problematicus","marine",
"211",473609,473609,"txn",,"genus","Rhamphoverritor",302269,84988,"extinct",1,"Arthropoda","Thecostraca","NO_ORDER_SPECIFIED","NO_FAMILY_SPECIFIED","Rhamphoverritor","","marine",
"212",279987,279987,"txn",,"genus","Chitobalanus",22117,20995,"extinct",1,"Arthropoda","Thecostraca","NO_ORDER_SPECIFIED","NO_FAMILY_SPECIFIED","Chitobalanus","","marine",
"213",304707,304707,"txn",,"genus","Maldybulakia",142293,52554,"extinct",3,"Arthropoda","Xiphosura","NO_ORDER_SPECIFIED","NO_FAMILY_SPECIFIED","Maldybulakia","","marine",
"214",429824,429824,"txn",,"genus","Patesia",142293,74719,"extinct",3,"Arthropoda","Xiphosura","NO_ORDER_SPECIFIED","NO_FAMILY_SPECIFIED","Patesia","","marine",
"215",509961,509961,"txn",,"genus","Ciurcalimulus",142293,92337,"extinct",1,"Arthropoda","Xiphosura","NO_ORDER_SPECIFIED","NO_FAMILY_SPECIFIED","Ciurcalimulus","Ciurcalimulus discobolus","marine",
"216",19007,19007,"txn",,"genus","Willwerathia",142293,6930,"extinct",1,"Arthropoda","Xiphosura","NO_ORDER_SPECIFIED","NO_FAMILY_SPECIFIED","Willwerathia","","marine",
"217",22089,22089,"txn",,"genus","Dioxycaris",22258,6930,"extinct",1,"Arthropoda","Malacostraca","NO_ORDER_SPECIFIED","NO_FAMILY_SPECIFIED","Dioxycaris","","marine",
"218",22091,22091,"txn",,"genus","Nothozoe",22258,6930,"extinct",4,"Arthropoda","Malacostraca","NO_ORDER_SPECIFIED","NO_FAMILY_SPECIFIED","Nothozoe","","marine",
"219",495890,495890,"txn",,"genus","Liocaris",168982,84995,"extinct",1,"Arthropoda","Malacostraca","NO_ORDER_SPECIFIED","NO_FAMILY_SPECIFIED","Liocaris","","marine",
"220",341967,341967,"txn",,"genus","Sosiocaris",168982,59312,"extinct",1,"Arthropoda","Malacostraca","NO_ORDER_SPECIFIED","NO_FAMILY_SPECIFIED","Sosiocaris","Sosiocaris schrami","marine",
"221",36652,36652,"txn",,"order","Cetacea",71831,16880,"extant",5919,"Chordata","Mammalia","Cetacea",,,,"marine",
"222",36873,86537,"txn",,"order","Sirenia",64963,18770,"extant",939,"Chordata","Mammalia","Sirenia",,,,"marine",
"223",41186,41186,"txn",,"family","Phocidae",53270,23420,"extant",981,"Chordata","Mammalia","Carnivora","Phocidae",,"Phoca","marine",
"224",41334,41334,"txn",,"family","Desmatophocidae",53270,24920,"extant",59,"Chordata","Mammalia","Carnivora","Desmatophocidae",,"","marine",
"225",41336,104975,"txn",,"family","Odobenidae",53270,24922,"extant",406,"Chordata","Mammalia","Carnivora","Odobenidae",,"","marine",
"226",96678,365340,"txn",,"family","Otariidae",41332,24556,"extant",329,"Chordata","Mammalia","Carnivora","Otariidae",,"","marine",
"227",41107,41107,"txn",,"genus","Enhydra",54982,6294,"extant",33,"Chordata","Mammalia","Carnivora","Mustelidae","Enhydra","","marine",
"228",41316,41316,"txn",,"genus","Kolponomos",71879,64855,"extinct",3,"Chordata","Mammalia","Carnivora","NO_FAMILY_SPECIFIED","Kolponomos","Kolponomos clallamensis","marine",
"229",71887,71887,"txn",,"genus","Pacificotaria",71879,16769,"extinct",1,"Chordata","Mammalia","Carnivora","NO_FAMILY_SPECIFIED","Pacificotaria","","marine",
"230",359583,359583,"txn",,"genus","Semantor",71879,63238,"extinct",1,"Chordata","Mammalia","Carnivora","NO_FAMILY_SPECIFIED","Semantor","Semantor macrurus","marine",
"231",41157,41157,"txn",,"genus","Potamotherium",71879,2754,"extinct",10,"Chordata","Mammalia","Carnivora","NO_FAMILY_SPECIFIED","Potamotherium","","marine",
"232",36916,36916,"txn",,"genus","Enaliarctos",71879,4383,"extinct",11,"Chordata","Mammalia","Carnivora","NO_FAMILY_SPECIFIED","Enaliarctos","Enaliarctos mealsi","marine",
"233",36950,36950,"txn",,"genus","Pteronarctos",71879,16771,"extinct",5,"Chordata","Mammalia","Carnivora","NO_FAMILY_SPECIFIED","Pteronarctos","","marine",
"234",36938,36938,"txn",,"genus","Pinnarctidion",71879,4175,"extinct",5,"Chordata","Mammalia","Carnivora","NO_FAMILY_SPECIFIED","Pinnarctidion","Pinnarctidion bishopi","marine",
"235",126936,126936,"txn",,"genus","Palaeotaria",53270,29664,"extinct",1,"Chordata","Mammalia","Carnivora","NO_FAMILY_SPECIFIED","Palaeotaria","Palaeotaria henriettae","marine",
"236",146163,146163,"txn",,"genus","Puijila",71879,29796,"extinct",1,"Chordata","Mammalia","Carnivora","NO_FAMILY_SPECIFIED","Puijila","Puijila darwini","marine",
"237",36454,36454,"txn",,"order","Plesiosauria",38164,6930,"extinct",1163,"Chordata","Reptilia","Plesiosauria",,,,"marine",
"238",36529,36529,"txn",,"order","Placodontia",38164,6930,"extinct",105,"Chordata","Reptilia","Placodontia",,,,"marine",
"239",100142,100142,"txn",,"order","Eosauropterygia",38164,44166,"extinct",256,"Chordata","Reptilia","Eosauropterygia",,,,"marine",
"240",36421,36421,"txn",,"order","Thalattosauria",282736,48979,"extinct",42,"Chordata","Reptilia","Thalattosauria",,,,"marine",
"241",511120,511120,"txn","","family","Euclastidae",37685,92562,"extinct",45,"Chordata","Reptilia","Testudines","Euclastidae",,"Euclastes","marine",
"242",37690,37690,"txn","","family","Toxochelyidae",37685,4783,"extinct",40,"Chordata","Reptilia","Testudines","Toxochelyidae",,"Toxochelys","marine",
"243",173416,173416,"txn","","family","Desmatochelyidae",37685,738,"extinct",3,"Chordata","Reptilia","Testudines","Desmatochelyidae",,"Desmatochelys","marine",
"244",37695,37695,"txn","","family","Cheloniidae",37685,4783,"extant",320,"Chordata","Reptilia","Testudines","Cheloniidae",,"","marine",
"245",37689,37689,"txn","","family","Protostegidae",37685,4783,"extinct",77,"Chordata","Reptilia","Testudines","Protostegidae",,"Protostega","marine",
"246",37693,37693,"txn","","family","Dermochelyidae",37685,4783,"extant",103,"Chordata","Reptilia","Testudines","Dermochelyidae",,"Dermochelys","marine",
"247",38344,38344,"txn","","family","Metriorhynchidae",494735,4783,"extinct",183,"Chordata","Reptilia","NO_ORDER_SPECIFIED","Metriorhynchidae",,"","marine",
"248",38340,38340,"txn","","family","Teleosauridae",243913,4783,"extant",124,"Chordata","Reptilia","NO_ORDER_SPECIFIED","Teleosauridae",,"Teleosaurus","marine",
"249",488749,488749,"txn","","family","Machimosauridae",243913,60525,"extinct",54,"Chordata","Reptilia","NO_ORDER_SPECIFIED","Machimosauridae",,"Machimosaurus","marine",
"250",38049,38049,"txn","","family","Mosasauridae",36379,28567,"extinct",852,"Chordata","Reptilia","Squamata","Mosasauridae",,"Mosasaurus","marine",
"251",37696,37696,"txn","V","family","Thalassemyidae",0,13553,"extinct",0,"NO_PHYLUM_SPECIFIED","NO_CLASS_SPECIFIED","NO_ORDER_SPECIFIED","",,"","marine",
"252",179919,179919,"txn",,"genus","Eoneustes",92044,42555,"extinct",1,"Chordata","Reptilia","NO_ORDER_SPECIFIED","NO_FAMILY_SPECIFIED","Eoneustes","","marine",
"253",467625,467625,"txn",,"genus","Turnersuchus",92044,83838,"extinct",1,"Chordata","Reptilia","NO_ORDER_SPECIFIED","NO_FAMILY_SPECIFIED","Turnersuchus","Turnersuchus hingleyae","marine",
"254",38347,38347,"txn",,"genus","Peipehsuchus",92044,42515,"extinct",3,"Chordata","Reptilia","NO_ORDER_SPECIFIED","NO_FAMILY_SPECIFIED","Peipehsuchus","","marine",
"255",36601,36601,"txn",,"genus","Pelagosaurus",92044,6930,"extinct",8,"Chordata","Reptilia","NO_ORDER_SPECIFIED","NO_FAMILY_SPECIFIED","Pelagosaurus","","marine",
"256",36612,36612,"txn",,"genus","Teleidosaurus",92044,6930,"extinct",4,"Chordata","Reptilia","NO_ORDER_SPECIFIED","NO_FAMILY_SPECIFIED","Teleidosaurus","","marine",
"257",419155,419155,"txn",,"genus","Opisuchus",179918,72386,"extinct",1,"Chordata","Reptilia","NO_ORDER_SPECIFIED","NO_FAMILY_SPECIFIED","Opisuchus","Opisuchus meieri","marine",
"258",315331,315331,"txn",,"genus","Zoneait",179918,54418,"extinct",2,"Chordata","Reptilia","NO_ORDER_SPECIFIED","NO_FAMILY_SPECIFIED","Zoneait","Zoneait nargorum","marine",
"259",370325,370325,"txn",,"genus","Magyarosuchus",179918,65685,"extinct",1,"Chordata","Reptilia","NO_ORDER_SPECIFIED","NO_FAMILY_SPECIFIED","Magyarosuchus","Magyarosuchus fitosi","marine",
"260",447814,447814,"txn",,"genus","Plagiophthalmosuchus",243913,78832,"extinct",4,"Chordata","Reptilia","NO_ORDER_SPECIFIED","NO_FAMILY_SPECIFIED","Plagiophthalmosuchus","Plagiophthalmosuchus gracilirostris","marine",
"261",446243,446243,"txn",,"genus","Deslongchampsina",243913,78861,"extinct",2,"Chordata","Reptilia","NO_ORDER_SPECIFIED","NO_FAMILY_SPECIFIED","Deslongchampsina","","marine",
"262",447816,447816,"txn",,"genus","Clovesuurdameredeor",243913,78832,"extinct",1,"Chordata","Reptilia","NO_ORDER_SPECIFIED","NO_FAMILY_SPECIFIED","Clovesuurdameredeor","","marine",
"263",446247,446247,"txn",,"genus","Charitomenosuchus",243913,78832,"extinct",1,"Chordata","Reptilia","NO_ORDER_SPECIFIED","NO_FAMILY_SPECIFIED","Charitomenosuchus","","marine",
"264",447839,447839,"txn",,"genus","Seldsienean",243913,78832,"extinct",6,"Chordata","Reptilia","NO_ORDER_SPECIFIED","NO_FAMILY_SPECIFIED","Seldsienean","","marine",
"265",446249,446249,"txn",,"genus","Neosteneosaurus",243913,78832,"extinct",5,"Chordata","Reptilia","NO_ORDER_SPECIFIED","NO_FAMILY_SPECIFIED","Neosteneosaurus","","marine",
"266",446070,446070,"txn",,"genus","Andrianavoay",243913,78832,"extinct",1,"Chordata","Reptilia","NO_ORDER_SPECIFIED","NO_FAMILY_SPECIFIED","Andrianavoay","","marine",
"267",38342,38342,"txn",,"genus","Mystriosaurus",92044,4783,"extinct",31,"Chordata","Reptilia","NO_ORDER_SPECIFIED","NO_FAMILY_SPECIFIED","Mystriosaurus","","marine",
"268",36634,36634,"txn",,"order","Pelecaniformes",98899,6930,"extant",424,"Chordata","Aves","Pelecaniformes",,,,"marine",
"269",39603,39603,"txn","","family","Laridae",98963,4783,"extant",493,"Chordata","Aves","Charadriiformes","Laridae",,"Larus","marine",
"270",98965,276243,"txn","V","family","Sternidae",39603,38584,"extant",20,"Chordata","Aves","Charadriiformes","Laridae",,"","marine",
"271",367951,367951,"txn","V","family","Rynchopidae",39603,71102,"extant",1,"Chordata","Aves","Charadriiformes","Laridae",,"","marine",
"272",39605,39605,"txn","","family","Alcidae",393769,4783,"extant",545,"Chordata","Aves","Charadriiformes","Alcidae",,"","marine",
"273",39581,39581,"txn","","family","Scolopacidae",36640,4783,"extant",507,"Chordata","Aves","Charadriiformes","Scolopacidae",,"Scolopax","marine",
"274",39602,39602,"txn","","family","Stercorariidae",36640,4783,"extant",25,"Chordata","Aves","Charadriiformes","Stercorariidae",,"","marine",
"275",34249,34249,"txn",,"class","Placodermi",67344,6930,"extant",1015,"Chordata","Placodermi",,"",,,"marine",
"276",34422,34422,"txn",,"class","Chondrichthyes",67344,32625,"extant",26697,"Chordata","Chondrichthyes",,"",,,"marine",
"277",91606,91606,"txn",,"class","Agnatha",67149,19552,"extant",8,"Chordata","Agnatha",,"",,,"marine",
"278",511235,511235,"txn",,"class","Pituriaspididae",217374,61628,"extinct",2,"Chordata","Pituriaspididae",,"Pituriaspididae",,,"marine",
"279",33816,33816,"txn",,"class","Conodonta",33829,75803,"extant",41200,"Chordata","Conodonta",,"",,,"marine",
"280",34136,463816,"txn",,"class","Anaspida",389304,75949,"extant",35,"Chordata","Anaspida",,"",,,"marine",
"281",36241,36241,"txn",,"order","Pleuronectiformes",513083,6930,"extant",439,"Chordata","Osteichthyes","Pleuronectiformes",,,,"marine",
"282",35232,35232,"txn",,"order","Pachycormiformes",356157,6930,"extant",156,"Chordata","Osteichthyes","Pachycormiformes",,,,"marine",
"283",165046,165046,"txn",,"order","Xenacanthida",54499,32332,"extinct",53,"Chordata","Chondrichthyes","Xenacanthida",,,,"marine",
"284",34536,34536,"txn",,"order","Squaliformes",34567,6930,"extant",996,"Chordata","Chondrichthyes","Squaliformes",,,,"marine",
"285",34522,34522,"txn",,"order","Hexanchiformes",34567,6930,"extant",594,"Chordata","Chondrichthyes","Hexanchiformes",,,,"marine",
"286",34569,34569,"txn",,"order","Squatiniformes",34567,6930,"extant",443,"Chordata","Chondrichthyes","Squatiniformes",,,,"marine",
"287",131676,131676,"txn",,"order","Protospinaciformes",34567,28003,"extinct",32,"Chordata","Chondrichthyes","Protospinaciformes",,,,"marine",
"288",131680,131680,"txn",,"order","Echinorhiniformes",34567,28003,"extant",60,"Chordata","Chondrichthyes","Echinorhiniformes",,,,"marine",
"289",34563,34563,"txn",,"order","Pristiophoriformes",34567,6930,"extant",152,"Chordata","Chondrichthyes","Pristiophoriformes",,,,"marine",
"290",210643,389319,"txn",,"order","Plagiostomi",54499,69467,"extant",2,"Chordata","Chondrichthyes","Plagiostomi",,,,"marine",
"291",118021,118021,"txn",,"order","Odontaspidida",118022,26513,"extant",75,"Chordata","Chondrichthyes","Odontaspidida",,,,"marine",
"292",56963,218948,"txn",,"order","Hybodontiformes",218947,39842,"",1906,"Chordata","Chondrichthyes","Hybodontiformes",,,,"marine",
"293",463896,463896,"txn",,"order","Protacrodontiformes",56961,75949,"extinct",45,"Chordata","Chondrichthyes","Protacrodontiformes",,,,"marine",
"294",34720,34720,"txn",,"order","Myliobatiformes",111368,6930,"extant",2641,"Chordata","Chondrichthyes","Myliobatiformes",,,,"marine",
"295",151899,151899,"txn",,"order","Sclerorhynchiformes",111368,30539,"extinct",614,"Chordata","Chondrichthyes","Sclerorhynchiformes",,,,"marine",
"296",34674,34674,"txn",,"order","Rajiformes",111368,6930,"extant",681,"Chordata","Chondrichthyes","Rajiformes",,,,"marine",
"297",394486,394486,"txn",,"order","Rhinopristiformes",111368,61621,"extant",971,"Chordata","Chondrichthyes","Rhinopristiformes",,,,"marine",
"298",154073,154073,"txn",,"order","Torpediniformes",111368,30740,"extant",68,"Chordata","Chondrichthyes","Torpediniformes",,,,"marine",
"299",511830,511830,"txn",,"order","Anachronistiformes",100265,92642,"extinct",50,"Chordata","Chondrichthyes","Anachronistiformes",,,,"marine",
"300",34598,34598,"txn",,"order","Lamniformes",218950,6930,"extant",7571,"Chordata","Chondrichthyes","Lamniformes",,,,"marine",
"301",34637,34637,"txn",,"order","Carcharhiniformes",218950,18982,"extant",4288,"Chordata","Chondrichthyes","Carcharhiniformes",,,,"marine",
"302",34571,34571,"txn",,"order","Heterodontiformes",34667,6930,"extant",310,"Chordata","Chondrichthyes","Heterodontiformes",,,,"marine",
"303",100266,100266,"txn",,"order","Synechodontiformes",34667,46296,"extinct",578,"Chordata","Chondrichthyes","Synechodontiformes",,,,"marine",
"304",34573,34573,"txn",,"order","Orectolobiformes",34667,6930,"extant",1055,"Chordata","Chondrichthyes","Orectolobiformes",,,,"marine",
"305",33829,33829,"txn",,"order","Conodontophorida",389304,75803,"extant",41918,"Chordata","NO_CLASS_SPECIFIED","Conodontophorida",,,,"marine",
"306",99862,99862,"txn",,"family","Cestraciontidae",54499,24243,"extant",2,"Chordata","Chondrichthyes","NO_ORDER_SPECIFIED","Cestraciontidae",,"","marine",
"307",505601,505601,"txn",,"family","Thrinacodontidae",54499,91427,"extinct",1,"Chordata","Chondrichthyes","NO_ORDER_SPECIFIED","Thrinacodontidae",,"","marine",
"308",131692,131692,"txn",,"family","Ostenoselachidae",54499,44982,"extinct",1,"Chordata","Chondrichthyes","NO_ORDER_SPECIFIED","Ostenoselachidae",,"Ostenoselache","marine",
"309",511541,511541,"txn",,"family","Lugalepididae",54499,61628,"extinct",1,"Chordata","Chondrichthyes","NO_ORDER_SPECIFIED","Lugalepididae",,"Lugalepis","marine",
"310",354450,354450,"txn",,"family","Pliotremidae",352770,62148,"extant",1,"Chordata","Chondrichthyes","NO_ORDER_SPECIFIED","Pliotremidae",,"","marine",
"311",353776,353776,"txn",,"family","Galeidae",352770,62148,"extinct",1,"Chordata","Chondrichthyes","NO_ORDER_SPECIFIED","Galeidae",,"","marine",
"312",511564,511564,"txn",,"family","Belemnobatidae",111368,61628,"extinct",21,"Chordata","Chondrichthyes","NO_ORDER_SPECIFIED","Belemnobatidae",,"Belemnobatis","marine",
"313",154873,154873,"txn",,"family","Archaeobatidae",111368,30800,"extinct",14,"Chordata","Chondrichthyes","NO_ORDER_SPECIFIED","Archaeobatidae",,"","marine",
"314",289827,289827,"txn",,"family","Listracanthidae",56961,50373,"extinct",23,"Chordata","Chondrichthyes","NO_ORDER_SPECIFIED","Listracanthidae",,"Listracanthus","marine",
"315",151718,151718,"txn",,"family","Agaleidae",54499,30526,"extinct",13,"Chordata","Chondrichthyes","NO_ORDER_SPECIFIED","Agaleidae",,"","marine",
"316",204603,204603,"txn",,"genus","Meishanselache",54499,38399,"extinct",1,"Chordata","Chondrichthyes","NO_ORDER_SPECIFIED","NO_FAMILY_SPECIFIED","Meishanselache","Meishanselache liui","marine",
"317",242146,242146,"txn",,"genus","Ornathiliabrilance",54499,42320,"extinct",1,"Chordata","Chondrichthyes","NO_ORDER_SPECIFIED","NO_FAMILY_SPECIFIED","Ornathiliabrilance","","marine",
"318",183762,183762,"txn",,"genus","Gondwanodus",54499,35911,"extinct",1,"Chordata","Chondrichthyes","NO_ORDER_SPECIFIED","NO_FAMILY_SPECIFIED","Gondwanodus","Gondwanodus irwinensis","marine",
"319",124925,124925,"txn",,"genus","Carcharopsis",54499,38894,"extinct",7,"Chordata","Chondrichthyes","NO_ORDER_SPECIFIED","NO_FAMILY_SPECIFIED","Carcharopsis","Carcharopsis prototypus","marine",
"320",242150,242150,"txn",,"genus","Parvicorona",54499,42323,"extinct",3,"Chordata","Chondrichthyes","NO_ORDER_SPECIFIED","NO_FAMILY_SPECIFIED","Parvicorona","Parvicorona dacrysulca","marine",
"321",453248,453248,"txn",,"genus","Rosaodus",54499,80468,"extinct",11,"Chordata","Chondrichthyes","NO_ORDER_SPECIFIED","NO_FAMILY_SPECIFIED","Rosaodus","Rosaodus xingyiensis","marine",
"322",205824,205824,"txn",,"genus","Eunemacanthus",54499,38418,"extinct",3,"Chordata","Chondrichthyes","NO_ORDER_SPECIFIED","NO_FAMILY_SPECIFIED","Eunemacanthus","Ctenacanthus costatus","marine",
"323",149497,149497,"txn",,"genus","Physonemus",54499,38894,"extinct",22,"Chordata","Chondrichthyes","NO_ORDER_SPECIFIED","NO_FAMILY_SPECIFIED","Physonemus","Physonemus arcuatus","marine",
"324",34480,34480,"txn",,"genus","Amelacanthus",54499,38418,"extinct",8,"Chordata","Chondrichthyes","NO_ORDER_SPECIFIED","NO_FAMILY_SPECIFIED","Amelacanthus","","marine",
"325",242152,242152,"txn",,"genus","Annulicorona",54499,42323,"extinct",2,"Chordata","Chondrichthyes","NO_ORDER_SPECIFIED","NO_FAMILY_SPECIFIED","Annulicorona","Annulicorona pyramidalis","marine",
"326",204605,204605,"txn",,"genus","Changxingselache",54499,38399,"extinct",2,"Chordata","Chondrichthyes","NO_ORDER_SPECIFIED","NO_FAMILY_SPECIFIED","Changxingselache","Changxingselache wangi","marine",
"327",502860,502860,"txn",,"genus","Tuberospina",56961,90756,"extinct",2,"Chordata","Chondrichthyes","NO_ORDER_SPECIFIED","NO_FAMILY_SPECIFIED","Tuberospina","","marine",
"328",438846,438846,"txn",,"genus","Cheirostephanus",56961,77367,"extinct",2,"Chordata","Chondrichthyes","NO_ORDER_SPECIFIED","NO_FAMILY_SPECIFIED","Cheirostephanus","Cheirostephanus hurzeleri","marine",
"329",34842,34842,"txn",,"genus","Hueneichthys",56961,38624,"extinct",1,"Chordata","Chondrichthyes","NO_ORDER_SPECIFIED","NO_FAMILY_SPECIFIED","Hueneichthys","Hueneichthys costatus","marine",
"330",425382,425382,"txn",,"genus","Enantiobatis",111368,67600,"extinct",1,"Chordata","Chondrichthyes","NO_ORDER_SPECIFIED","NO_FAMILY_SPECIFIED","Enantiobatis","Enantiobatis tarrantensis","marine",
"331",275503,275503,"txn",,"genus","Duffinselache",100265,47793,"extinct",1,"Chordata","Chondrichthyes","NO_ORDER_SPECIFIED","NO_FAMILY_SPECIFIED","Duffinselache","Duffinselache holwellensis","marine",
"332",150380,150380,"txn",,"genus","Hopleacanthus",100265,30416,"extinct",1,"Chordata","Chondrichthyes","NO_ORDER_SPECIFIED","NO_FAMILY_SPECIFIED","Hopleacanthus","Hopleacanthus richelsdorfensis","marine",
"333",274516,274516,"txn",,"genus","Microtoxodus",100264,47747,"extinct",2,"Chordata","Chondrichthyes","NO_ORDER_SPECIFIED","NO_FAMILY_SPECIFIED","Microtoxodus","","marine",
"334",505994,505994,"txn",,"genus","Eorapax",100265,91510,"extinct",1,"Chordata","Chondrichthyes","NO_ORDER_SPECIFIED","NO_FAMILY_SPECIFIED","Eorapax","Eorapax serrasis","marine",
"335",305767,305767,"txn",,"genus","Nanocetorhinus",100265,52722,"extinct",11,"Chordata","Chondrichthyes","NO_ORDER_SPECIFIED","NO_FAMILY_SPECIFIED","Nanocetorhinus","","marine",
"336",201982,201982,"txn",,"genus","Grozonodon",100265,37798,"extinct",3,"Chordata","Chondrichthyes","NO_ORDER_SPECIFIED","NO_FAMILY_SPECIFIED","Grozonodon","","marine",
"337",441499,441499,"txn",,"genus","Vallisodus",100265,77825,"extinct",3,"Chordata","Chondrichthyes","NO_ORDER_SPECIFIED","NO_FAMILY_SPECIFIED","Vallisodus","Vallisodus coppi","marine",
"338",34689,34689,"txn",,"genus","Jurobatos",218950,43855,"extinct",3,"Chordata","Chondrichthyes","NO_ORDER_SPECIFIED","NO_FAMILY_SPECIFIED","Jurobatos","","marine",
"339",275501,275501,"txn",,"genus","Rhomaleodus",100265,47793,"extinct",2,"Chordata","Chondrichthyes","NO_ORDER_SPECIFIED","NO_FAMILY_SPECIFIED","Rhomaleodus","Rhomaleodus budurovi","marine",
"340",200006,200006,"txn",,"genus","Surcaudalus",56961,37619,"extinct",1,"Chordata","Chondrichthyes","NO_ORDER_SPECIFIED","NO_FAMILY_SPECIFIED","Surcaudalus","Surcaudalus rostratus","marine",
"341",34479,34479,"txn",,"genus","Acronemus",56961,37909,"extinct",4,"Chordata","Chondrichthyes","NO_ORDER_SPECIFIED","NO_FAMILY_SPECIFIED","Acronemus","","marine",
"342",355455,355455,"txn",,"genus","Artiodus",56961,62435,"extinct",2,"Chordata","Chondrichthyes","NO_ORDER_SPECIFIED","NO_FAMILY_SPECIFIED","Artiodus","Artiodus prominens","marine",
"343",453250,453250,"txn",,"genus","Favusodus",56961,80468,"extinct",14,"Chordata","Chondrichthyes","NO_ORDER_SPECIFIED","NO_FAMILY_SPECIFIED","Favusodus","","marine",
"344",34514,34514,"txn",,"genus","Raineria",54499,47912,"extinct",1,"Chordata","Chondrichthyes","NO_ORDER_SPECIFIED","NO_FAMILY_SPECIFIED","Raineria","","marine",
"345",34694,34694,"txn",,"genus","Onchopristus",34667,6930,"extinct",2,"Chordata","Chondrichthyes","NO_ORDER_SPECIFIED","NO_FAMILY_SPECIFIED","Onchopristus","","marine",
"346",34845,34845,"txn",,"genus","Odontorhytis",34667,47889,"extinct",23,"Chordata","Chondrichthyes","NO_ORDER_SPECIFIED","NO_FAMILY_SPECIFIED","Odontorhytis","","marine",
"347",34715,34715,"txn",,"genus","Youssoubatis",34667,6930,"extinct",11,"Chordata","Chondrichthyes","NO_ORDER_SPECIFIED","NO_FAMILY_SPECIFIED","Youssoubatis","","marine",
"348",34672,34672,"txn",,"genus","Reifia",34667,38626,"extinct",2,"Chordata","Chondrichthyes","NO_ORDER_SPECIFIED","NO_FAMILY_SPECIFIED","Reifia","Reifia minuta","marine",
"349",34687,34687,"txn",,"genus","Hypsobatis",34667,6930,"extinct",9,"Chordata","Chondrichthyes","NO_ORDER_SPECIFIED","NO_FAMILY_SPECIFIED","Hypsobatis","","marine",
"350",37124,37124,"txn",,"family","Trematosauridae",37123,30404,"extinct",73,"Chordata","Amphibia","Temnospondyli","Trematosauridae",,"Trematosaurus","marine",
"351",19057,291092,"txn",,"class","Myriapoda",18891,12074,"extant",487,"Arthropoda","Myriapoda",,,,,"non_marine",
"352",294419,294419,"txn",,"class","Symphyla",19057,51022,"extant",5,"Arthropoda","Symphyla",,,,,"non_marine",
"353",205077,290412,"txn",,"class","Chilopoda",19057,50520,"extant",59,"Arthropoda","Chilopoda",,,,,"non_marine",
"354",293502,293502,"txn",,"class","Pauropoda",304706,50916,"extant",1,"Arthropoda","Pauropoda",,,,,"non_marine",
"355",19008,19008,"txn",,"class","Arachnida",327076,6930,"extant",3954,"Arthropoda","Arachnida",,,,,"non_marine",
"356",133900,354032,"txn",,"class","Collembola",308979,62339,"extant",225,"Arthropoda","Collembola",,,,,"non_marine",
"357",56637,56637,"txn",,"class","Insecta",308980,12782,"extant",53323,"Arthropoda","Insecta",,,,,"non_marine",
"358",348667,348667,"txn","","order","Spongillida",348668,61246,"extant",7,"Porifera","Demospongiae","Spongillida",,,,"non_marine",
"359",36320,152955,"txn","","order","Temnospondyli",36319,30586,"extant",6122,"Chordata","Amphibia","Temnospondyli",,,,"non_marine",
"360",37332,37332,"txn","","order","Gymnophiona",471965,4783,"extant",8,"Chordata","Amphibia","Gymnophiona",,,,"non_marine",
"361",55483,55483,"txn","","order","Avetheropoda",53374,10350,"extant",167,"Chordata","Reptilia","Avetheropoda",,,,"non_marine",
"362",38461,38461,"txn","","order","Pterosauria",184612,4783,"extant",1155,"Chordata","Reptilia","Pterosauria",,,,"non_marine",
"363",165046,165046,"txn","","order","Xenacanthida",54499,32332,"extinct",53,"Chordata","Chondrichthyes","Xenacanthida",,,,"non_marine",
"364",17171,17171,"txn","V","order","Unionoida",61563,6930,"extant",648,"Mollusca","Bivalvia","Unionida",,,,"non_marine",
"365",177842,177842,"txn","","order","Diplura",308980,68297,"extant",16,"Arthropoda","NO_CLASS_SPECIFIED","Diplura",,,,"non_marine",
"366",133264,133264,"txn","","order","Bathynellacea",424443,12066,"extant",0,"Arthropoda","Malacostraca","Bathynellacea",,,,"non_marine",
"367",131441,131441,"txn",,"family","Araripemydidae",58160,27976,"extinct",17,"Chordata","Reptilia","Testudines","Araripemydidae",,"","non_marine",
"368",58161,58161,"txn",,"family","Podocnemididae",58160,64399,"extant",254,"Chordata","Reptilia","Testudines","Podocnemididae",,"","non_marine",
"369",37590,37590,"txn",,"family","Pelomedusidae",58160,64399,"extant",97,"Chordata","Reptilia","Testudines","Pelomedusidae",,"","non_marine",
"370",344484,365524,"txn",,"family","Peiropemydidae",58160,59461,"extinct",2,"Chordata","Reptilia","Testudines","Peiropemydidae",,"","non_marine",
"371",131447,131447,"txn",,"family","Euraxemydidae",58160,27976,"extinct",3,"Chordata","Reptilia","Testudines","Euraxemydidae",,"","non_marine",
"372",37609,37609,"txn",,"family","Chelidae",37589,61773,"extant",335,"Chordata","Reptilia","Testudines","Chelidae",,"Chelus","non_marine",
"373",39685,39685,"txn",,"family","Anhingidae",358821,4783,"extant",52,"Chordata","Aves","Suliformes","Anhingidae",,"","non_marine",
"374",363949,363949,"txn",,"genus","Caririemys",58160,64023,"extinct",1,"Chordata","Reptilia","Testudines","NO_FAMILY_SPECIFIED","Caririemys","Caririemys violetae","non_marine",
"375",387881,387881,"txn",,"genus","Francemys",58160,69186,"extinct",1,"Chordata","Reptilia","Testudines","NO_FAMILY_SPECIFIED","Francemys","Francemys gadoufaouaensis","non_marine",
"376",456311,456311,"txn",,"genus","Itapecuruemys",58160,81710,"extinct",1,"Chordata","Reptilia","Testudines","NO_FAMILY_SPECIFIED","Itapecuruemys","Itapecuruemys amazonensis","non_marine",
"377",67329,67329,"txn",,"genus","Teneremys",131444,14292,"extinct",5,"Chordata","Reptilia","Testudines","NO_FAMILY_SPECIFIED","Teneremys","","non_marine",
"378",348489,348489,"txn",,"genus","Nostimochelone",131452,61194,"extinct",1,"Chordata","Reptilia","Testudines","NO_FAMILY_SPECIFIED","Nostimochelone","Nostimochelone lampra","non_marine",
"379",67326,67326,"txn",,"genus","Brasilemys",131453,41980,"extinct",1,"Chordata","Reptilia","Testudines","NO_FAMILY_SPECIFIED","Brasilemys","","non_marine",
"380",238474,238474,"txn",,"genus","Portezueloemys",131453,41982,"extinct",1,"Chordata","Reptilia","Testudines","NO_FAMILY_SPECIFIED","Portezueloemys","","non_marine",
"381",37591,37591,"txn",,"genus","Apodichelys",58160,64457,"extinct",1,"Chordata","Reptilia","Testudines","NO_FAMILY_SPECIFIED","Apodichelys","","non_marine",
"382",324112,324112,"txn",,"genus","Trochozonites",113647,55726,"extant",5,"Mollusca","Gastropoda","Stylommatophora","NO_FAMILY_SPECIFIED","Trochozonites","","non_marine",
"383",475863,475863,"txn",,"genus","Mennoia",114485,85556,"extinct",2,"Mollusca","Gastropoda","Stylommatophora","NO_FAMILY_SPECIFIED","Mennoia","Mennoia sculpturata","non_marine",
"384",475865,475865,"txn",,"genus","Neubertella",114485,85556,"extinct",1,"Mollusca","Gastropoda","Stylommatophora","NO_FAMILY_SPECIFIED","Neubertella","Neubertella pulchra","non_marine",
"385",509634,509634,"txn",,"genus","Neohelix",113646,92283,"extant",0,"Mollusca","Gastropoda","Stylommatophora","NO_FAMILY_SPECIFIED","Neohelix","","non_marine",
"386",384100,384100,"txn",,"genus","Triodopsis",113646,68358,"extant",14,"Mollusca","Gastropoda","Stylommatophora","NO_FAMILY_SPECIFIED","Triodopsis","","non_marine",
"387",384101,384101,"txn",,"genus","Anguispira",113646,68358,"extant",3,"Mollusca","Gastropoda","Stylommatophora","NO_FAMILY_SPECIFIED","Anguispira","","non_marine",
"388",509630,509631,"txn",,"genus","Stenotrema",113646,92283,"extant",5,"Mollusca","Gastropoda","Stylommatophora","NO_FAMILY_SPECIFIED","Stenotrema","","non_marine",
"389",509644,509644,"txn",,"genus","Euconulus",113646,92283,"extant",4,"Mollusca","Gastropoda","Stylommatophora","NO_FAMILY_SPECIFIED","Euconulus","","non_marine",
"390",12279,12279,"txn",,"genus","Acroreia",312820,6930,"extinct",0,"Mollusca","Gastropoda","Basommatophora","Acroreiidae","Acroreia","","non_marine",
"391",12286,12286,"txn",,"genus","Siphonaria",62264,6930,"extant",42,"Mollusca","Gastropoda","Basommatophora","Siphonariidae","Siphonaria","","non_marine",
"392",12285,12285,"txn",,"genus","Siphonacmea",62264,6930,"extant",0,"Mollusca","Gastropoda","Basommatophora","Siphonariidae","Siphonacmea","","non_marine",
"393",12289,12289,"txn",,"genus","Williamia",62264,6930,"extant",15,"Mollusca","Gastropoda","Basommatophora","Siphonariidae","Williamia","","non_marine",
"394",12280,12280,"txn",,"genus","Anisomyon",62264,6930,"extant",77,"Mollusca","Gastropoda","Basommatophora","Siphonariidae","Anisomyon","","non_marine",
"395",12283,12283,"txn",,"genus","Pseudohercynella",12278,6930,"extinct",0,"Mollusca","Gastropoda","Basommatophora","NO_FAMILY_SPECIFIED","Pseudohercynella","","non_marine",
"396",12281,12281,"txn",,"genus","Patellopsis",12278,6930,"extant",0,"Mollusca","Gastropoda","Basommatophora","NO_FAMILY_SPECIFIED","Patellopsis","","non_marine",
"397",12282,12282,"txn",,"genus","Pleurolimnaea",12278,6930,"extinct",0,"Mollusca","Gastropoda","Basommatophora","NO_FAMILY_SPECIFIED","Pleurolimnaea","","non_marine",
"398",12284,12284,"txn",,"genus","Ptychogyra",12278,6930,"extinct",1,"Mollusca","Gastropoda","Basommatophora","NO_FAMILY_SPECIFIED","Ptychogyra","","non_marine",
"399",12288,12288,"txn",,"genus","Vasculum",12278,74377,"extinct",0,"Mollusca","Gastropoda","Basommatophora","NO_FAMILY_SPECIFIED","Vasculum","Vasculum obliquum","non_marine",
"400",135550,135550,"txn",,"genus","Discus",384102,1656,"extant",28,"Mollusca","Gastropoda","NO_ORDER_SPECIFIED","Discidae","Discus","","non_marine",
"401",350837,350837,"txn",,"genus","Bernicia",62009,61821,"extinct",1,"Mollusca","Gastropoda","NO_ORDER_SPECIFIED","NO_FAMILY_SPECIFIED","Bernicia","","non_marine",
"402",152906,152906,"txn",,"genus","Onycholepisma",133899,48819,"extinct",1,"Arthropoda","NO_CLASS_SPECIFIED","NO_ORDER_SPECIFIED","NO_FAMILY_SPECIFIED","Onycholepisma","Onycholepisma arizonae","non_marine",
"403",350546,350546,"txn",,"genus","Leverhulmia",133899,61595,"extinct",1,"Arthropoda","NO_CLASS_SPECIFIED","NO_ORDER_SPECIFIED","NO_FAMILY_SPECIFIED","Leverhulmia","Leverhulmia mariae","non_marine",
"404",97210,97210,"txn","V","family","Mycetopodidae",244279,23742,"extant",8,"Mollusca","Bivalvia","Unionida","Mulleriidae",,,"non_marine",
"405",60289,60289,"txn","","family","Etheriidae",244278,7411,"extant",10,"Mollusca","Bivalvia","Unionida","Etheriidae",,,"non_marine",
"406",60693,60693,"txn","","family","Hyriidae",244287,7412,"extant",47,"Mollusca","Bivalvia","Unionida","Hyriidae",,,"non_marine",
"407",62301,62301,"txn","","family","Sphaeriidae",100781,7412,"extant",172,"Mollusca","Bivalvia","Sphaeriida","Sphaeriidae",,,"non_marine",
"408",59856,59856,"txn","","family","Corbiculidae",93449,7411,"extant",567,"Mollusca","Bivalvia","Venerida","Corbiculidae",,,"non_marine",
"409",60171,60171,"txn","","family","Dreissenidae",60170,7411,"extant",118,"Mollusca","Bivalvia","Venerida","Dreissenidae",,,"non_marine",
"410",60681,60681,"txn",,"family","Hydrocenidae",116261,7429,"extant",6,"Mollusca","Gastropoda","Cycloneritida","Hydrocenidae",,"Hydrocena","non_marine",
"411",60613,60613,"txn",,"family","Helicinidae",116305,7429,"extant",23,"Mollusca","Gastropoda","Cycloneritida","Helicinidae",,"Helicininae","non_marine",
"412",379202,379202,"txn",,"family","Helminthoglyptidae",8304,67430,"extant",13,"Mollusca","Gastropoda","NO_ORDER_SPECIFIED","Helminthoglyptidae",,"","non_marine",
"413",62737,62737,"txn",,"family","Valvatidae",62738,7432,"extant",150,"Mollusca","Gastropoda","Heterostropha","Valvatidae",,"Valvata","non_marine",
"414",61804,61804,"txn",,"family","Planorbidae",114470,7412,"extant",668,"Mollusca","Gastropoda","Heterostropha","Planorbidae",,"","non_marine",
"415",83645,83645,"txn",,"family","Physidae",114470,18185,"extant",121,"Mollusca","Gastropoda","Heterostropha","Physidae",,"Physa","non_marine",
"416",312825,312825,"txn",,"family","Acroloxidae",312824,14945,"extant",2,"Mollusca","Gastropoda","Heterostropha","Acroloxidae",,"Acroloxus","non_marine",
"417",83640,83640,"txn",,"family","Lymnaeidae",83639,16545,"extant",256,"Mollusca","Gastropoda","Heterostropha","Lymnaeidae",,"","non_marine",
"418",264782,264782,"txn",,"family","Chilinidae",312822,46194,"extant",1,"Mollusca","Gastropoda","Heterostropha","Chilinidae",,"","non_marine",
"419",312823,312823,"txn",,"family","Latiidae",312822,14945,"extant",0,"Mollusca","Gastropoda","Heterostropha","Latiidae",,"","non_marine",
"420",518246,518246,"txn",,"family","Glacidorbidae",458635,81879,"extant",0,"Mollusca","Gastropoda","Heterostropha","Glacidorbidae",,"Glacidorbis","non_marine",
"421",60205,60205,"txn",,"family","Ellobiidae",94581,11867,"extant",71,"Mollusca","Gastropoda","Ellobiida","Ellobiidae",,"","non_marine",
"422",312872,312872,"txn",,"family","Veronicellidae",312871,14945,"extant",0,"Mollusca","Gastropoda","Systellommatophora","Veronicellidae",,"","non_marine",
"423",327487,327487,"txn",,"family","Parmacellidae",312885,56210,"extant",14,"Mollusca","Gastropoda","Stylommatophora","Parmacellidae",,"","non_marine",
"424",88836,88836,"txn",,"family","Milacidae",312885,9159,"extant",24,"Mollusca","Gastropoda","Stylommatophora","Milacidae",,"Milax","non_marine",
"425",162068,162068,"txn",,"family","Zonitidae",312886,31683,"extant",59,"Mollusca","Gastropoda","Stylommatophora","Zonitidae",,"Zonites","non_marine",
"426",327582,327582,"txn",,"family","Gastrodontidae",312891,56210,"extant",11,"Mollusca","Gastropoda","Stylommatophora","Gastrodontidae",,"","non_marine",
"427",475874,475874,"txn",,"family","Pristilomatidae",312891,81879,"extant",16,"Mollusca","Gastropoda","Stylommatophora","Pristilomatidae",,"Pristiloma","non_marine",
"428",387905,387905,"txn",,"family","Oxychilidae",312891,69177,"extant",26,"Mollusca","Gastropoda","Stylommatophora","Oxychilidae",,"Oxychilus","non_marine",
"429",114484,114484,"txn",,"family","Vitrinidae",114485,26209,"extant",14,"Mollusca","Gastropoda","Stylommatophora","Vitrinidae",,"","non_marine",
"430",327488,327488,"txn",,"family","Agriolimacidae",114485,56210,"extant",19,"Mollusca","Gastropoda","Stylommatophora","Agriolimacidae",,"","non_marine",
"431",114487,114487,"txn",,"family","Limacidae",114485,26209,"extant",51,"Mollusca","Gastropoda","Stylommatophora","Limacidae",,"Limax","non_marine",
"432",327882,327882,"txn",,"family","Filholiidae",327470,56235,"extinct",18,"Mollusca","Gastropoda","Stylommatophora","Filholiidae",,"","non_marine",
"433",327469,327469,"txn",,"family","Clausiliidae",327470,56210,"extant",101,"Mollusca","Gastropoda","Stylommatophora","Clausiliidae",,"","non_marine",
"434",509225,509225,"txn",,"family","Ariolimacidae",509219,63832,"extant",1,"Mollusca","Gastropoda","Stylommatophora","Ariolimacidae",,"","non_marine",
"435",327899,327899,"txn",,"family","Enidae",114480,56235,"extant",4,"Mollusca","Gastropoda","Stylommatophora","Enidae",,"Ena","non_marine",
"436",475998,475998,"txn",,"family","Chondrinidae",114480,81879,"extant",18,"Mollusca","Gastropoda","Stylommatophora","Chondrinidae",,"","non_marine",
"437",476102,476102,"txn",,"family","Pyramidulidae",114480,85569,"extant",6,"Mollusca","Gastropoda","Stylommatophora","Pyramidulidae",,"Pyramidula","non_marine",
"438",327589,327589,"txn",,"family","Argnidae",114480,56210,"extant",10,"Mollusca","Gastropoda","Stylommatophora","Argnidae",,"Argna","non_marine",
"439",312878,312878,"txn",,"family","Partulidae",114480,14945,"extant",0,"Mollusca","Gastropoda","Stylommatophora","Partulidae",,"","non_marine",
"440",475812,475812,"txn",,"family","Lauriidae",114480,85556,"extant",2,"Mollusca","Gastropoda","Stylommatophora","Lauriidae",,"","non_marine",
"441",312800,312800,"txn",,"family","Cochlicopidae",114480,54083,"extant",8,"Mollusca","Gastropoda","Stylommatophora","Cochlicopidae",,"","non_marine",
"442",324109,324109,"txn",,"family","Cerastidae",114480,55726,"extant",0,"Mollusca","Gastropoda","Stylommatophora","Cerastidae",,"","non_marine",
"443",475821,475821,"txn",,"family","Pleurodiscidae",114480,81879,"extant",2,"Mollusca","Gastropoda","Stylommatophora","Pleurodiscidae",,"","non_marine",
"444",327496,327496,"txn",,"family","Orculidae",114480,56210,"extant",6,"Mollusca","Gastropoda","Stylommatophora","Orculidae",,"","non_marine",
"445",333757,333757,"txn",,"family","Gastrocoptidae",114480,57438,"extant",70,"Mollusca","Gastropoda","Stylommatophora","Gastrocoptidae",,"Gastrocopta","non_marine",
"446",475805,475805,"txn",,"family","Azecidae",114480,85556,"extant",8,"Mollusca","Gastropoda","Stylommatophora","Azecidae",,"Azeca","non_marine",
"447",114482,114482,"txn",,"family","Strobilopsidae",114480,26209,"extant",22,"Mollusca","Gastropoda","Stylommatophora","Strobilopsidae",,"","non_marine",
"448",114479,114479,"txn",,"family","Valloniidae",114480,26209,"extant",59,"Mollusca","Gastropoda","Stylommatophora","Valloniidae",,"","non_marine",
"449",135556,135556,"txn",,"family","Pupillidae",114480,1656,"extant",23,"Mollusca","Gastropoda","Stylommatophora","Pupillidae",,"","non_marine",
"450",327506,327506,"txn",,"family","Vertiginidae",114480,56210,"extant",92,"Mollusca","Gastropoda","Stylommatophora","Vertiginidae",,"","non_marine",
"451",162065,162065,"txn",,"family","Succineidae",312850,31683,"extant",55,"Mollusca","Gastropoda","Stylommatophora","Succineidae",,"Succinea","non_marine",
"452",335520,335520,"txn",,"family","Plectopylidae",335521,57850,"extant",2,"Mollusca","Gastropoda","Stylommatophora","Plectopylidae",,"","non_marine",
"453",373112,373112,"txn",,"family","Oleacinidae",475543,17425,"extant",11,"Mollusca","Gastropoda","Stylommatophora","Oleacinidae",,"","non_marine",
"454",327981,327981,"txn",,"family","Trissexodontidae",113646,56235,"extant",4,"Mollusca","Gastropoda","Stylommatophora","Trissexodontidae",,"","non_marine",
"455",476169,476169,"txn",,"family","Geomitridae",113646,85581,"extant",9,"Mollusca","Gastropoda","Stylommatophora","Geomitridae",,"","non_marine",
"456",327966,327966,"txn",,"family","Helicodontidae",113646,56235,"extant",8,"Mollusca","Gastropoda","Stylommatophora","Helicodontidae",,"","non_marine",
"457",135058,135058,"txn",,"family","Pleurodontidae",113646,28338,"extant",3,"Mollusca","Gastropoda","Stylommatophora","Pleurodontidae",,"","non_marine",
"458",333755,333755,"txn",,"family","Camaenidae",113646,57438,"extant",32,"Mollusca","Gastropoda","Stylommatophora","Camaenidae",,"","non_marine",
"459",327921,327921,"txn",,"family","Elonidae",113646,56235,"extant",51,"Mollusca","Gastropoda","Stylommatophora","Elonidae",,"","non_marine",
"460",476175,476175,"txn",,"family","Sphincterochilidae",113646,85581,"extant",3,"Mollusca","Gastropoda","Stylommatophora","Sphincterochilidae",,"Sphincterochila","non_marine",
"461",94483,94483,"txn",,"family","Helicidae",113646,19913,"extant",184,"Mollusca","Gastropoda","Stylommatophora","Helicidae",,"","non_marine",
"462",514117,514117,"txn",,"family","Thysanophoridae",113646,63832,"extant",0,"Mollusca","Gastropoda","Stylommatophora","Thysanophoridae",,"","non_marine",
"463",113645,113645,"txn",,"family","Hygromiidae",113646,14945,"extant",34,"Mollusca","Gastropoda","Stylommatophora","Hygromiidae",,"","non_marine",
"464",251925,251925,"txn",,"family","Polygyridae",113646,40884,"extant",32,"Mollusca","Gastropoda","Stylommatophora","Polygyridae",,"","non_marine",
"465",509213,509213,"txn",,"family","Xanthonychidae",113646,63832,"extant",2,"Mollusca","Gastropoda","Stylommatophora","Xanthonychidae",,"","non_marine",
"466",324348,324348,"txn",,"family","Bulimulidae",264740,55769,"extant",28,"Mollusca","Gastropoda","Stylommatophora","Bulimulidae",,"","non_marine",
"467",264741,264741,"txn",,"family","Orthalicidae",264740,14945,"extant",2,"Mollusca","Gastropoda","Stylommatophora","Orthalicidae",,"Orthalicus","non_marine",
"468",387207,387207,"txn",,"family","Odontostomidae",264740,35328,"extant",5,"Mollusca","Gastropoda","Stylommatophora","Odontostomidae",,"","non_marine",
"469",333752,333752,"txn",,"family","Testacellidae",475525,57438,"extant",7,"Mollusca","Gastropoda","Stylommatophora","Testacellidae",,"","non_marine",
"470",514169,514169,"txn",,"family","Rhytididae",475524,63832,"extant",0,"Mollusca","Gastropoda","Stylommatophora","Rhytididae",,"","non_marine",
"471",135544,135544,"txn",,"family","Oreohelicidae",312893,1656,"extant",5,"Mollusca","Gastropoda","Stylommatophora","Oreohelicidae",,"Oreohelix","non_marine",
"472",327484,327484,"txn",,"family","Helicodiscidae",312893,56210,"extant",32,"Mollusca","Gastropoda","Stylommatophora","Helicodiscidae",,"","non_marine",
"473",387210,387210,"txn",,"family","Charopidae",312893,35328,"extant",13,"Mollusca","Gastropoda","Stylommatophora","Charopidae",,"","non_marine",
"474",135549,135549,"txn",,"family","Endodontidae",312893,1656,"extant",9,"Mollusca","Gastropoda","Stylommatophora","Endodontidae",,"","non_marine",
"475",333747,333747,"txn",,"family","Punctidae",312893,57438,"extant",7,"Mollusca","Gastropoda","Stylommatophora","Punctidae",,"Punctum","non_marine",
"476",387221,387221,"txn",,"family","Strophocheilidae",475533,35328,"extant",5,"Mollusca","Gastropoda","Stylommatophora","Strophocheilidae",,"","non_marine",
"477",502337,502337,"txn",,"family","Megomphicidae",475533,90539,"extant",4,"Mollusca","Gastropoda","Stylommatophora","Megomphicidae",,"","non_marine",
"478",448428,448428,"txn",,"family","Dorcasiidae",475533,79148,"extant",2,"Mollusca","Gastropoda","Stylommatophora","Dorcasiidae",,"Dorcasia","non_marine",
"479",66056,66056,"txn",,"family","Acavidae",475533,13638,"extant",3,"Mollusca","Gastropoda","Stylommatophora","Acavidae",,"","non_marine",
"480",514231,514231,"txn",,"family","Streptaxidae",514232,63832,"extant",0,"Mollusca","Gastropoda","Stylommatophora","Streptaxidae",,"","non_marine",
"481",324104,324104,"txn",,"family","Achatinidae",312887,55726,"extant",45,"Mollusca","Gastropoda","Stylommatophora","Achatinidae",,"","non_marine",
"482",88834,88834,"txn",,"family","Subulinidae",312887,9159,"extant",33,"Mollusca","Gastropoda","Stylommatophora","Subulinidae",,"","non_marine",
"483",327610,327610,"txn",,"family","Ferussaciidae",312887,56210,"extant",9,"Mollusca","Gastropoda","Stylommatophora","Ferussaciidae",,"","non_marine",
"484",58965,58965,"txn",,"family","Acochlidiidae",58966,7429,"",0,"Mollusca","Gastropoda","Acochlidea","Acochlidiidae",,"","non_marine",
"485",62020,62020,"txn",,"family","Pupinidae",59994,7429,"extant",14,"Mollusca","Gastropoda","Architaenioglossa","Pupinidae",,"Pupina","non_marine",
"486",119693,478550,"txn",,"family","Alycaeidae",59994,86298,"extant",2,"Mollusca","Gastropoda","Architaenioglossa","Alycaeidae",,"","non_marine",
"487",60140,60140,"txn",,"family","Diplommatinidae",59994,7429,"extant",24,"Mollusca","Gastropoda","Architaenioglossa","Diplommatinidae",,"Diplommatina","non_marine",
"488",59890,59890,"txn",,"family","Craspedopomatidae",59994,7432,"extant",11,"Mollusca","Gastropoda","Architaenioglossa","Craspedopomatidae",,"","non_marine",
"489",58942,120152,"txn",,"family","Aciculidae",59994,14945,"extant",34,"Mollusca","Gastropoda","Architaenioglossa","Aciculidae",,"","non_marine",
"490",61339,61339,"txn",,"family","Neocyclotidae",59994,7432,"extant",2,"Mollusca","Gastropoda","Architaenioglossa","Neocyclotidae",,"Neocyclotus","non_marine",
"491",119691,119691,"txn",,"family","Maizaniidae",59994,14945,"extant",7,"Mollusca","Gastropoda","Architaenioglossa","Maizaniidae",,"Maizania","non_marine",
"492",119696,119696,"txn",,"family","Megalomastomatidae",59994,14945,"extant",0,"Mollusca","Gastropoda","Architaenioglossa","Megalomastomatidae",,"Megalomastoma","non_marine",
"493",59993,59993,"txn",,"family","Cyclophoridae",59994,7429,"extant",40,"Mollusca","Gastropoda","Architaenioglossa","Cyclophoridae",,"Cyclophorus","non_marine",
"494",119688,119688,"txn",,"family","Ferussinidae",59994,14945,"extinct",1,"Mollusca","Gastropoda","Architaenioglossa","Ferussinidae",,"Strophostoma","non_marine",
"495",59048,59048,"txn",,"family","Ampullariidae",59049,7432,"extant",157,"Mollusca","Gastropoda","Architaenioglossa","Ampullariidae",,"","non_marine",
"496",62825,62825,"txn",,"family","Viviparidae",118595,7429,"extant",355,"Mollusca","Gastropoda","Architaenioglossa","Viviparidae",,"","non_marine",
"497",61886,61886,"txn",,"family","Pomatiopsidae",62617,7429,"extant",40,"Mollusca","Gastropoda","Sorbeoconcha","Pomatiopsidae",,"","non_marine",
"498",119152,119152,"txn",,"family","Amnicolidae",62617,14173,"extant",37,"Mollusca","Gastropoda","Sorbeoconcha","Amnicolidae",,"Amnicola","non_marine",
"499",121006,121006,"txn",,"family","Moitessieriidae",62144,14945,"extant",0,"Mollusca","Gastropoda","Sorbeoconcha","Moitessieriidae",,"","non_marine",
"500",120993,120993,"txn",,"family","Helicostoidae",62144,14945,"extant",0,"Mollusca","Gastropoda","Sorbeoconcha","Helicostoidae",,"","non_marine",
"501",264497,264497,"txn",,"family","Cochliopidae",62144,14945,"extant",171,"Mollusca","Gastropoda","Sorbeoconcha","Cochliopidae",,"","non_marine",
"502",59384,59384,"txn",,"family","Bithyniidae",62144,7429,"extant",87,"Mollusca","Gastropoda","Sorbeoconcha","Bithyniidae",,"","non_marine",
"503",121002,121002,"txn",,"family","Lithoglyphidae",62144,14945,"extant",6,"Mollusca","Gastropoda","Sorbeoconcha","Lithoglyphidae",,"","non_marine",
"504",120958,120958,"txn",,"family","Pomatiidae",60938,7432,"extant",38,"Mollusca","Gastropoda","Sorbeoconcha","Pomatiidae",,"","non_marine",
"505",458654,458655,"txn",,"family","Semisulcospiridae",59623,81879,"extinct",0,"Mollusca","Gastropoda","NO_ORDER_SPECIFIED","Semisulcospiridae",,"","non_marine",
"506",120621,120621,"txn",,"family","Pleuroceridae",59623,14945,"extant",51,"Mollusca","Gastropoda","NO_ORDER_SPECIFIED","Pleuroceridae",,"","non_marine",
"507",62518,62518,"txn",,"family","Thiaridae",59623,7429,"extant",494,"Mollusca","Gastropoda","NO_ORDER_SPECIFIED","Thiaridae",,"","non_marine",
"508",61552,61552,"txn",,"family","Pachychilidae",59623,7432,"extant",154,"Mollusca","Gastropoda","NO_ORDER_SPECIFIED","Pachychilidae",,"","non_marine",
"509",61085,120373,"txn",,"family","Melanopsidae",59623,14915,"extant",294,"Mollusca","Gastropoda","NO_ORDER_SPECIFIED","Melanopsidae",,"","non_marine",
"510",120623,120623,"txn",,"family","Paludomidae",59623,14945,"extant",10,"Mollusca","Gastropoda","NO_ORDER_SPECIFIED","Paludomidae",,"","non_marine",
"511",384102,384102,"txn",,"family","Discidae",62009,68358,"extant",28,"Mollusca","Gastropoda","NO_ORDER_SPECIFIED","Discidae",,"Discus","non_marine",
"512",,,,,"genus","Camptophyllia",,,,,"Arthropoda","incertae sedis",,,"Camptophyllia",,"non_marine","extinct"
"513",,,,,"family","Haplotrematidae",,,,,"Mollusca","Gastropoda","Stylommatophora","Haplotrematidae",,,"non_marine","extant"
"514",,,,,"family","Euconulidae",,,,,"Mollusca","Gastropoda","Stylommatophora","Euconulidae",,,"non_marine","extant"
"515",,,,,"family","Megaspiridae",,,,,"Mollusca","Gastropoda","Stylommatophora","Megaspiridae",,,"non_marine","extant"
"516",,,,,"family","Bothriembryontidae",,,,,"Mollusca","Gastropoda","Stylommatophora","Bothriembryontidae",,,"non_marine","extant"
"517",,,,,"family","Sculptariidae",,,,,"Mollusca","Gastropoda","Stylommatophora","Sculptariidae",,,"non_marine","extant"
"518",,,,,"family","Micractaeonidae",,,,,"Mollusca","Gastropoda","Stylommatophora","Micractaeonidae",,,"non_marine","extant"
"519",,,,,"family","Helicarionidae",,,,,"Mollusca","Gastropoda","Stylommatophora","Helicarionidae",,,"non_marine","extant"
"520",,,,,"family","Staffordiidae",,,,,"Mollusca","Gastropoda","Stylommatophora","Staffordiidae",,,"non_marine","extant"
"521",,,,,"family","Tantulidae",,,,,"Mollusca","Gastropoda",,"Tantulidae",,,"non_marine","extant"
"522",,,,,"family","Scolodontidae",,,,,"Mollusca","Gastropoda","Stylommatophora","Scolodontidae",,,"non_marine","extant"
"523",,,,,"genus","Cremnoconchus",,,,,"Mollusca","Gastropoda","Littorinimorpha","Littorinidae","Cremnoconchus",,"non_marine","extant"
"524",,,,,"genus","Clea",,,,,"Mollusca","Gastropoda","Neogastropoda","Nassariidae","Clea",,"non_marine","extant"
"525",,,,,"genus","Rivomarginella",,,,,"Mollusca","Gastropoda","Neogastropoda","Marginellidae","Rivomarginella",,"non_marine","extant"
"526",,,,,"genus","Urnatella",,,,,"Entoprocta",,,"Barentsiidae","Urnatella",,"non_marine","extant"
